0.698129415512085,4.254390619092191
2.5928183048963547,1.5426501812226814
2.1778951485951743,3.546683633278427
1.7222896814346313,3.3523220888381142
1.8444964090983074,2.6298922223482277
1.4709218045075734,1.43501729885083
1.6069667140642803,1.3113554024402005
1.7579423487186432,2.962906771726569
1.7136634290218353,2.3773312323377946
1.4735963145891826,2.6031079195817965
1.2733574012915294,3.833363674632152
0.9791104793548584,3.7652728190474387
2.096094861626625,2.6415853408792547
0.8828822275002798,4.466568013359327
1.2054297874371211,7.548570380452893
1.5310026854276657,4.781367079793017
1.1809016019105911,4.7282123089409005
0.6306175465385119,5.076768682439223
1.2399897649884224,8.192199145631536
1.134806215763092,11.088500804044255
0.7762660992642244,10.903112919405817
0.6358371988559762,5.921476002617142
1.0230182533462842,7.976803774778081
0.6396200731396675,2.267991428665909
1.7594949702421825,7.595685712921603
1.4157290011644363,8.96256174889121
0.8081594705581665,12.043459325006797
2.05380051334699,2.922747546896359
0.7204701354106268,11.859095582010324
0.8004814783732096,11.29691482072668
1.5560901860396068,7.928285447167761
1.0987464487552643,10.996126814634222
0.5236671840151151,6.2780331086127195
1.703394095102946,3.0917553803353317
0.7506277933716774,2.8643215637011625
2.0553166468938193,9.402156655271684
0.9520398179690043,7.638043710519911
1.061661457022031,1.6880995573345647
0.7462185596426328,5.253138571507483
1.004840890566508,1.3422290536106165
0.9106970528761545,9.143524328295259
1.1173423926035564,2.33653393146596
0.7253371924161911,6.855976362041976
0.8135402351617813,2.5727517787694154
1.9313287486632664,2.1494811075207467
1.2689105967680614,17.15132986861492
0.44503345216314,2.510007367942058
1.0166656820413966,7.9137157914733365
1.1207614541053772,4.049957930959955
1.0888333419958751,1.7947873422270448
0.7001148064931234,4.420431152783304
3.4720343351364136,3.7933676301697155
1.2453300555547078,3.481199399270475
1.3010889987150829,2.7622114493523116
1.7872287531693776,2.5743539771588906
2.113615930080414,3.0839472497278115
2.1920413970947266,2.8573673258756576
1.2641191929578781,1.7249857651680423
1.82304348051548,4.548112401255855
1.1727087100346882,3.3715658972783342
0.9502456933259964,1.7004829440751357
0.722176988919576,5.110688747365452
1.0277760326862335,2.5511117316731373
1.5950242361674707,1.1425864917056223
1.1555040304859479,7.199921364810405
1.0948671102523804,4.963105177601342
0.7122937589883804,1.5425821778010602
1.3214836567640305,7.428586881020105
1.044984499613444,2.9633027686748976
0.8413031697273254,24.977452026881963
2.185700446367264,1.4912979713192693
0.8614337841669718,7.848510674079586
0.9524868230024973,10.733417911621114
1.261587232351303,4.557869503282225
1.1358484824498494,5.833513574099835
1.2383435914913814,9.904012611046413
1.8185469110806782,3.8810215655750047
0.8071127012372017,4.449378088045104
0.6973601927359899,9.041331901103872
0.9558382133642832,8.254979028132718
1.2972357670466106,3.5334892871908443
0.7291383991638819,6.7799966197936135
1.2962610771258671,1.1268701269425483
1.1938331921895344,4.518352938511899
5.379177138209343,8.370769042537045
0.8803062935670217,6.711489090703642
0.4760073386132717,4.289383748124656
0.5192247939606508,8.975539215716479
0.8749487201372782,12.27599482992549
0.48681923374533653,9.12017877978389
0.8772128534813722,3.17076491032499
1.0716267116367817,9.20617742564616
0.593436541656653,2.201524011702283
1.1714971164862316,1.140928354084272
1.1892655392487843,10.281129617014049
0.4531996746857961,12.274344178302462
0.7182685484488806,2.1947447893526584
0.6741684377193451,2.141603528093981
0.3734034796555837,7.966176246909939
1.0074035078287125,23.33122938699683
1.8323091715574265,3.5003107916180487
1.669698139031728,2.8633191685290655
0.6816545277833939,2.159720648913063
1.1248111526171367,2.690130269545832
0.9766332333286604,7.984639815587566
0.7825128237406412,6.391292761239659
0.7364867851138115,8.403816095554616
0.8695492843786875,7.722901503899133
1.4098096241553624,1.0176095645031566
1.4179846892754238,0.8282621660421824
0.7846731642882029,1.063247433803536
1.006224957605203,0.909127636319499
0.2974467271318038,3.0603434954969844
0.341725405305624,5.097699685368447
0.7695329766720533,3.980788289642138
0.7426963249842325,2.664067419268835
0.6881154862542948,2.594139321274105
0.5406197067350149,5.826477605926157
1.662265474597613,10.97898274864516
0.9492413699626923,10.19290308159647
0.4652252569794655,2.822131350337539
1.1885800311962764,1.0699665992787755
0.9063459386428198,2.8643238251040013
0.24970864783972502,1.087811476012835
0.36706375144422054,1.704034737326634
0.6522606511910757,0.9594699086325016
1.928954874475797,1.3571595992019148
0.6553888767957687,3.162684393742611
0.8428378850221634,0.9268895300419487
0.4041380559404691,1.1491100337673796
1.0747858782609303,0.9084820664948969
0.40499866505463916,1.1865648875974417
3.0885009119908013,0.81363595722675
0.8469503273566564,11.363458537679314
1.072431946794192,0.655599678356829
0.4719426780939102,1.0544510839407335
1.6246233979860942,7.636254436031127
0.7200243671735128,5.724022603901653
0.7748199701309204,1.2064968841035424
0.5159946282704672,0.7930964607086202
0.7072371343771616,0.6633217347113848
0.4564868453890085,1.1343348289604218
0.45847175767024356,1.2858120858035624
0.46609660300115746,0.7363155740318023
0.5281849267582098,0.6986598992382977
0.522762498507897,6.499846406771567
0.4005147684365511,3.4110224830154547
0.6436860778679451,9.69075584558793
1.2977771709362667,0.7716424386202267
0.6367217476169268,3.034185259328294
0.5112240165472031,0.9623730222366249
0.22022032427291074,2.5382070393085643
0.8990847865740458,0.659099864299487
0.3729064812262853,8.123616171328782
0.3992351330816746,0.8977484727123132
0.5804425179958344,1.046005985516747
0.35274635907262564,2.3041891344338756
0.6901781770090262,1.032924621824759
0.8842468646665415,1.4983534480678875
0.39469024166464806,2.1562747488057674
0.9601233179370562,1.183621215137726
0.4617940715203683,0.8775861122961947
0.4030551246056954,1.8829777066190874
0.3367023691534996,5.620248656704592
0.40728422564764816,1.7709526378562066
0.4366520419716835,0.7232857511630499
0.47314555539439124,0.8542799184394908
0.5212211164956292,0.7827240442009982
0.6465200434128443,1.143107547062872
0.16941838494191566,0.8429480635681457
0.5826998241245747,1.0089863104757244
0.8558661093314489,3.193604447223522
0.5268111117184162,1.344198365505422
0.27007208454112214,0.7664797837336245
0.5715854515631994,0.8985774999758132
0.25115572412808734,0.6764396298114614
0.17806868813931942,0.6380993555458352
0.2022656872868538,1.374882187024883
1.725893127421538,2.471642622404792
0.6038289579252402,6.412299558213709
0.41729169090588886,2.8267740042949163
0.1824388119081656,1.4713777698070547
0.42599146456147235,1.7153313700453057
0.6696606365342935,4.163548182185091
0.36187828704714775,3.455130737413498
0.3949254422138135,4.615353784325887
0.4662677285571893,0.7080158402067602
0.7008207639058431,0.57464840243582
0.6145006728669008,0.9227946218619294
0.4286057725548744,0.9099717418189238
0.4750748537480831,0.7028223448758754
1.2289114743471146,0.9492659933957053
0.8750905096530914,1.1289502103060525
0.3830495203534762,0.6574997183641953
0.34984351058180135,6.5827726610682
0.17422987272342047,0.9546734382240651
0.20732714887708426,0.7130485941293114
0.49216421445210773,0.5782697633731553
0.45825293349723023,0.9848443185476221
0.5696701953808466,1.0480368944148142
0.833072659249107,0.5670142713397619
0.5584574267268181,0.5034856596253864
0.5194482492903868,3.8047241333984503
0.4140902329236269,1.0202767794242127
0.3495547833542029,0.6615900183419106
0.1433061663992703,0.7535220241723921
0.670169822871685,1.4640852025466038
0.5221957936882973,4.56914557295817
0.5374778819580873,0.7538006840866514
0.10053197139253219,1.3911787881347446
0.2897986654813091,11.692138125488869
0.17022669843087593,2.593346726329453
2.148738140861193,0.9914583952769136
0.49764281573394936,1.9769069191850261
0.6469111976524194,0.6781064554384945
0.3009490439047416,0.8235346844200421
0.432549137622118,0.7007347252347669
0.34994802499810856,0.6873124908206829
0.3762792345757286,3.020610372654695
0.7022649844487509,0.5359567048281063
0.3295718828837077,0.5341462326071267
0.2444732659496367,0.5617062813780923
0.4560176332791646,0.9186270133140181
0.4315888664374749,0.9808730866743807
0.32314201444387436,1.2773010432263066
0.3801623328278462,0.5202170106197805
0.48775211597482365,4.0967205233810615
0.4990888200700283,0.755633296540348
0.533048347880443,1.0809837067269001
0.22518407988051573,1.6898665132414405
0.15058507832388082,0.7654967918655372
0.2362153478898108,0.9451461845599447
0.4312928691506386,0.6557056367811229
0.33308323100209236,0.7953832037336498
0.7069431102524201,0.8645241076228258
0.3927544131875038,1.192355213649456
0.5370839962270111,3.965690145930799
0.5849650974074999,0.933276389186267
0.267143292662998,0.6292269068947928
0.16421086333381632,0.5131436014098891
0.24372205572823682,0.5030876406719487
0.19319230069716772,0.5002507904650827
0.12773180784036717,0.6978386357162832
0.3996088777979215,0.4906444492994518
0.4843699653477718,1.4854165167816924
0.49927703896537423,1.1287085182699075
0.30689041409641504,0.6703012771974733
0.2874461055422823,0.8436080709282457
0.38672203073898953,0.5054845816081464
0.31901916054387885,1.1699022103443015
0.3056173622608185,1.5044950184876045
0.2683230812350909,0.6167473645449012
0.8365641438091794,0.9868069257898913
0.9057295719782511,0.5487979494025024
0.2653175766269366,0.6439589585969033
0.5790641792118549,0.8372109698403796
0.574019156396389,0.5181687214055363
0.4608541453878085,0.7885188856510259
0.3583668718735377,0.5813617227213049
0.5384237393736839,2.6151241864932415
0.9791376727322737,1.0687483984371615
0.413649791230758,0.580443847205219
0.565971369544665,0.5851252628012851
0.2956762394557397,0.7853226794435518
0.7101314514875412,0.8359744404241397
0.2971444359670083,0.7596862919386528
0.20340246117363373,0.5393968004537223
0.40557436893383664,0.87172474961572
0.2538573311952253,2.3636359982448023
0.23899815138429403,0.5828746790775393
0.1636515522065262,0.6121907417013455
0.3869192556788524,0.9404110272570841
0.1851944631586472,0.6244650251148729
0.1571333151853954,7.85519180996714
0.1445800435418884,2.7836237001764257
0.46879171843950945,8.945066522587148
0.4005558875699838,2.6155838610448545
0.5522840085128943,0.5429964922049143
1.522781843940417,0.9345385678960789
0.5530861640969912,0.4778664024158372
0.26903006015345454,0.4391049666602333
0.4114409585793813,0.4629169036889773
0.42896872696777183,0.4860388911910488
0.39493730291724205,0.5133829158813845
0.18661547793696323,0.5670315971098513
0.3641611337661743,0.8714208608783529
0.4969337085882823,0.7051592733501328
0.38438041756550473,0.502455784258623
0.21678369119763374,0.49559638558871616
0.10027534522426625,2.526691473526714
0.49326072074472904,5.170751930826404
0.3746624266107877,0.740983530224923
0.335407593442748,0.6364319950268081
0.5781865995377302,0.7295790135228702
0.2111092290530602,0.5083555562906504
0.2155034268895785,0.48033494171041313
0.300117215141654,0.43847275876621516
0.28550175360093516,0.4204675055016982
0.6391002672413985,1.1981945295290528
0.2970638299981753,0.8925600096453856
0.16754138357161233,0.9725974316963293
0.12574015460753193,1.8992486508142852
0.13515942233304182,1.3763099628544875
0.14127215014498992,0.8540629029739648
0.30207113549113274,1.9451488505006769
0.5207380106051763,2.204372728709201
0.28774368359396857,1.1594261921926585
0.4812662291030089,1.930383992507231
0.2656246315067013,0.8002379255674956
0.24304895009845495,0.6654437776106098
0.34522127810244757,1.492333852254441
0.4063025861978531,1.0177031197778073
0.5442271381616592,0.5793136344955587
0.3877280546973149,0.862120328135073
0.2630174721901615,0.4631662034089147
0.6831061777969202,0.7999017251315635
0.5891912877559662,0.6501038305036866
0.41183650175419945,0.5180901857603192
0.5522906578456362,0.6922411715818776
0.45197979857524234,0.7119957151668164
0.9960670135915279,0.4565634291921838
0.43726566930611926,0.40358992647737346
0.3396320715546608,0.4513748356938651
0.9431802096466223,0.5132878391003167
0.5211238662401835,0.4852929468405917
0.2194344758366545,0.4761656150753598
0.9780231912930807,0.5713890426270332
0.3727096924558282,0.46988577931571307
0.2676188573241234,0.4647524357485599
0.18015846128885946,0.38287338347842376
0.346083901822567,0.5863061180874508
0.30496269340316456,0.5002902658791658
0.26251291545728844,1.364306280867226
0.31149573686222237,0.5353778290258279
0.3983239370087783,0.9104870036021623
0.36212148517370224,2.2126589813823756
0.40136107394937426,0.8905302526247886
0.35394180938601494,0.4319948480807536
0.2706322744488716,0.5611091574682289
0.3154421343157689,0.4574081068021719
0.16119420831091702,0.5482129768368792
0.6281252553065618,0.6151860999281995
0.08044380353142817,0.5876940605687747
0.2083057463169098,1.0388394816943403
0.3255429808050394,0.45300983454309024
0.4423304557179411,11.399911084068002
0.6518401318074515,1.592036359744154
0.43971332410971325,1.5007461082875033
1.1049950644373894,0.5386970566230506
0.7542894134918848,0.45239960864717743
0.2545972825028002,0.4694073042629187
0.5504938587546349,0.5807187492774438
0.4851984560179214,0.4870138035744457
0.2544572129845619,0.5199588693437883
0.08311391722721358,0.6016947891951547
0.4541709801803033,0.5565164774472331
0.4053390895326932,0.46640078942911045
0.3074732975413402,1.2754718805101173
0.336171788473924,0.5412000173641195
0.1336429726021985,0.4148588760210449
0.2732021262248357,0.4422404627539748
0.33144928138547886,0.5516232413230834
0.722665344675382,0.6141803860051152
0.30505553136269253,0.4370968494049608
0.30901301295186084,0.4311376449695772
0.36911889476080734,0.45702547471796573
0.43088482568661374,0.431111737839502
0.38146794339021045,0.6125541990693143
0.1980383892854055,0.5837528638697838
0.5318106114864349,0.8011843152331452
0.2986425831913948,0.42532522200871214
0.32114264369010925,0.5594088609297779
0.3992642729232709,0.4352393186308152
0.2667247480712831,0.5912615723873773
0.4495020943383376,0.794875277515465
0.5235091373324394,0.5242249240641405
0.2528333092729251,0.49075469166917607
0.5290805449088415,0.4140382441209785
0.5799276176840067,0.4552326372130589
0.17387627034137645,0.6294732507495236
0.5468463736275831,0.7403290560442682
0.44564243250836927,0.48336178917435874
0.3576756509331365,0.4006327264258748
0.23951638924578825,0.5474018722494575
0.5533844356735548,0.45948963491287625
0.35014963150024414,0.6554032090344863
0.7226516852776209,0.7048330976345432
0.565299687286218,0.7177111520311369
1.0953230808178585,3.010516291359038
0.6009032223373652,0.4536696642880623
0.46481406440337497,1.091613315955438
0.29505165790518123,0.4392051769740527
0.49088530739148456,0.36969944193259147
0.48509180297454196,0.42629544004973274
0.0939876443396012,0.38076723703478343
0.3857007424036662,0.4531020996574726
0.6947469258060058,0.757239295908126
0.22904635034501553,0.6232153995720151
0.2710288067658742,0.8406322425131051
0.36283616349101067,0.50371641123256
0.19322404327491918,0.5324602656421572
0.3497899919748306,0.7077627633972955
0.5844242735765874,1.0901933111491855
0.29570625877628726,0.5062572553866276
0.29729074736436206,0.3646804788434145
0.3962970661620299,0.7682023512401371
0.42773540566364926,0.4162218458752502
0.22712126870950064,0.39274499083508896
0.1899521555751562,0.41933208586357784
0.2931310124695301,0.5729694779047587
0.1993892459819714,0.6178143122039425
0.3166509134074052,0.8893323222456937
0.529254462569952,0.7471009418644606
0.8635099132855734,0.36342442770129574
0.239966148044914,0.3742899843240898
0.4486030961076419,0.41305829355760193
0.28573011482755345,0.6543620332862494
0.3130547230442365,0.42091558799811923
0.5213157422840595,0.9505593181474055
0.27633963773647946,0.41463796599047575
0.2555930471668641,0.42887696387011187
0.15503196294109026,0.40399396620305644
0.6521886326372623,0.5571237373844796
0.3319802787154913,0.44739815400097654
0.3072172837952773,0.440234137410924
0.1461824340124925,0.3917029918673217
0.2905243743831913,0.4621246094730477
0.16370919765904546,0.3911095364095927
0.24290174121658006,0.4380491535463249
0.31860055836538476,0.4759995917724484
0.21993594337254763,1.3295763660032078
0.12401761021465063,0.4062543992799182
0.18483904985866198,0.49328951368703083
0.24873656399237612,1.0640486316405369
0.21252909488976002,1.2669511388333206
0.10222438272709648,0.9609982324971532
0.36347037833184004,1.0755471105327055
0.5645555990437666,0.5330918375083306
0.23680730412403742,0.42805109988365947
0.22997464425861835,0.3605921865848199
0.1521952897310257,0.3467537760529354
0.09937046025879681,0.342886032802353
0.19582410187770924,0.8014783185332975
0.3947278391569853,1.0172656865365146
0.19374211031633118,0.5159367805784641
0.4166341032832861,0.5047863708490912
0.23919782764278352,0.4407753899036517
0.28996797107780975,0.39849975936348575
0.37777550021807355,0.46452568066916433
0.7915388693412145,0.5456304875482257
0.37065822382767993,0.4792859601596273
0.43377995343568426,3.548986748320821
0.39776499569416046,1.0665274050268545
0.18151924634973207,1.0270607756955878
0.2581693617006143,0.5474514696580666
0.13664826603295901,0.44228997221924193
0.10187968937680125,0.3994858289358137
0.2910718296964963,0.9188499816890825
0.315327621375521,0.5332802642721763
0.17734480214615664,0.3670131896969968
0.23901492667694887,0.5456907444571902
0.09532629551055531,0.3731638375516094
0.28705338334354263,0.49122017559139325
0.21970743410444507,0.4496754221044882
0.21105128918619206,1.1201566194230994
0.23052093355606,0.682969484269019
0.7492027978102366,0.6374214266476206
0.5136358328163624,0.6472806570839408
0.2656491920351982,0.4919256356967018
0.2826697453856468,0.4149136931075879
0.06311856916484733,1.1536209464791356
0.8087998231252035,0.49784471762631044
0.16177692636847496,0.6841392614437964
0.22091092177045843,0.46249364498607937
0.2598861800506711,0.6145141641671651
0.2400269607702891,0.8468788984934574
0.7357797366566956,0.7025832091094044
0.3337431674202283,0.6395276700656233
0.6829845805962881,0.5496710511039437
0.2699881102889776,0.3668921509238959
0.3735795170068741,0.5588939493504163
0.13460240745916963,0.5763303382087126
0.35316318708161515,0.5554534937802827
0.2645411044359207,0.3831515678880731
0.1929894813025991,0.42622938190330717
0.866061994805932,0.5151808332212382
0.32387238399436075,0.38400019652661144
1.0110507847275585,1.5291918370111326
0.4996110275387764,1.5388664079252605
0.25747648999094963,0.45740450625927465
0.4979676691194375,0.5291594998564173
0.2769367055346568,0.4655768978122024
0.3269249807732801,0.47459430619368637
0.16401720667878786,0.3836628894485065
0.12716361476729313,0.33159757224093633
0.43638479709625244,0.8570834252964687
0.2187386406973625,0.37217211923325644
0.1657317327335477,0.3703794432173605
0.29419298966725665,0.4248106373779492
0.6774488985538483,0.4564298627719562
0.27547526080161333,3.194573996417398
0.6164176898698012,2.9523546371113287
0.2850722670555115,0.46790033647292634
0.1803597832719485,0.3894282510858323
0.2094852013203005,1.2046612192255555
0.3540386303017537,0.44710671149554504
0.5176300046344599,0.8758019078637899
0.21695607031385103,0.4361971650010394
0.5782345111171404,0.6193169666339936
0.3476368561387062,0.3880740670025256
0.7449603567365557,0.7408787227952431
0.3780758040957153,0.4370388723361114
0.2084510512650013,1.2363290473047788
0.15761197451502085,3.2556945984366776
1.0816097383697827,0.6992983708339545
0.7550687802334627,0.7211991801238504
0.2228567929317554,0.4140516715544239
0.2447593342512846,0.3959406967589757
0.4119521627823512,0.530368858042059
0.4304172669847806,0.6062398702653562
0.29846349777653813,0.5248698961636146
0.45300858467817307,0.5162407016963778
0.37445401834944886,0.3912419905312441
0.5394937276529769,0.492716724610669
0.48388879001140594,0.5142808868639192
1.3650449692892532,0.7689468180364706
0.3084540336082379,1.0465548196168737
1.3359343421179801,0.5436317341230344
0.375225988527139,0.416493253327749
0.4172366497417291,0.3510844239374062
0.3081127079203725,0.3688105362379158
0.6389157312611738,0.40520379958905545
0.3503576417764028,0.550334707022193
0.12333266126612823,0.4464208253647171
0.14162034650022784,0.9838764359318589
0.1402087410291036,0.6345443388712892
0.12880855922897658,0.5178915619345852
0.3522493317723274,0.8971592040027623
0.1555263401630024,0.45921946303064287
0.17627614420780446,0.3939139331661504
0.44433068111538887,1.02376983034212
0.8633831466237704,0.42605995528772983
0.2943161341051261,0.4248496029128043
0.41182521482308704,0.7321587958244098
0.1368720413496097,0.6169922555388311
0.20571376445392767,0.5884430033879148
0.1589662005814413,1.0403224989881712
0.9813623345301797,0.5585389187511898
0.2894996479153633,0.38143318944143717
0.46922478328148526,0.4265599554463982
0.44804110874732334,0.36558879182826653
0.2743777083232999,0.4643412909246291
0.456180880467097,0.44517829137089676
0.24043999193236232,0.9912533739885757
0.22442094360788664,0.9023421586993239
0.2935759474833806,0.7149668614779611
0.44081365255018073,0.5240824348392253
0.42154276246825856,0.43709126807380705
0.28967811167240143,0.4162200438637997
0.3164697041114171,0.5026785184180768
0.1318676732480526,0.42674685550321395
0.26700223982334137,0.37834848152739137
0.2879349498155837,0.3473497315532951
0.16041543738295636,0.5423938485041462
0.1864424447218577,0.9143553538170013
0.17356990029414496,0.7989177969647305
0.12177060280616085,0.9976292488845626
0.3787081950965027,0.3617221611706522
0.1332160736589382,0.6465419314479754
0.25909903024633724,0.36254867406568
0.4044202289466436,0.574956044401566
0.491429369430989,0.4126461826865938
0.19849912791202465,0.3605594472304183
0.7081943266093731,0.5777386259297177
0.1883552266129603,0.4536260485839382
0.4589748668173949,0.46702149781087154
0.29840928921476007,0.3256906820636815
0.3809846956282854,0.3651981672493419
0.27774192035819095,0.35123695925094345
0.1475987605129679,0.3570077707758253
0.4415503144264221,0.4485583222769731
0.5131205074333897,2.770680055369729
0.13132707153757414,1.3018733204146962
0.6377573696275552,0.40588857916645915
0.3326579164713621,0.5461721214046127
0.606086843724673,0.4284637293577787
0.2693432793021202,0.346565835943421
0.12502532390256724,0.3382368950971199
0.1234199342240269,0.44419405915287363
0.0916632938751718,0.3665240122973794
0.32818632759153843,0.5268578147096863
0.4534833108385404,0.42897766691553363
0.13730707547316948,0.40221815232444774
0.16501608273635307,0.6542922701841203
0.2653055745176971,0.499439059524185
0.08059368026442826,0.7852585901230298
0.5468298364430666,0.7159226005935552
0.1135845157938699,0.3732254587510532
0.21321115704874197,0.3655278270838638
0.042233800243896745,0.4354543471679151
0.1963631734251976,0.4963272364309835
0.06797507661394775,0.4230847839565963
0.5817627465973297,0.42400581402105597
0.2837689792116483,0.7502968578234708
0.10751839975516002,0.3935659177063895
0.4691508424778779,0.7265962185114571
0.42926333099603653,0.5383524017172585
1.0359570834164817,0.45188800770079074
0.14860552549362183,0.44707756528811465
0.3408756833523512,0.3772544988669935
0.22382898752888045,0.39897423286954853
0.27969522727653384,0.6387023185394974
0.11686288348088662,0.45375848536586477
0.2416637927138557,0.37079716725883344
0.5291570900008082,0.35552208958671455
0.4722711415961385,0.8226383420166372
0.2698506253461043,0.6454255521423292
0.39754630873600644,0.40692286405465483
0.1949627394011865,0.3906866846490878
0.39569448431332904,0.49448386764331737
0.23320941114798188,0.364805522832745
0.3135155737400055,0.5348559848221638
0.1452219832378129,0.4349965324983542
0.5772380686054627,0.4480753205505817
0.23023143907388052,0.3422016638881413
0.4485904201865196,0.3793190126838284
0.2885259793450435,0.38337351323603
0.3472278341650963,0.3587977459951798
0.35958329277733964,0.3148892001895728
0.2504138338069121,0.3379880714871442
0.3515801231066386,0.448722810362145
0.1386682921826529,0.8455556296606347
0.4117552501459916,1.696524186818688
0.3566185369078691,0.6325773334777437
0.4520956985652447,0.3671977667812519
0.2953537944704294,0.4595372835109927
0.13172227322744826,1.2757207926500727
0.1563163117195169,0.6093341782957377
0.3123316935574015,0.6153241076165992
0.5766622753192981,0.45242525810766737
0.20706831050726274,0.5384934389607154
0.2135387557403495,0.9931869419925272
0.4921731576323509,0.6358584877354003
0.12259626885255177,0.5043624945631705
0.27113825889925164,0.47502720732860193
0.2867146705587705,0.34087318687799384
0.13420944288372993,0.3628680482939317
0.1860143404143552,0.48014559221872516
0.2526234854012728,0.6540097634470766
0.2811908818160494,0.3905971224435103
0.18515436025336385,0.3988439392607304
0.28514064972599346,1.1956456323202658
0.26819784318407375,0.5694778247120623
0.5115472078323364,0.47211901956713415
0.2049589461336533,0.5803022303550911
0.2190588874121507,0.4687418821280559
0.26703554748867947,0.43613176666448
0.2648440971970558,0.4890672321070755
0.15852303244173527,0.5402110787671255
0.8711965391412377,0.602030677708129
0.2631002515554428,0.5005944094353002
0.1712840127875097,0.5025635893176857
0.09657557710306719,0.4450119536616603
0.18023074107865492,0.3690261771054159
0.3385933702811599,0.3807889319233218
0.3019688551624616,0.3928556530985506
0.3075817261512081,0.4497871686902794
0.21032242267392576,0.48236513174035484
0.23959216036989042,0.37836497156933174
0.3324127271771431,0.3474913750965511
0.19682229915633798,0.3687614212299675
0.4694684110581875,0.32993775544594206
0.2577029752234618,0.367588871854756
0.24361865098277727,0.3827301950095092
0.2568449207271139,0.32911940317761296
0.1032273060021301,0.33668490025268827
0.29385810407499474,0.37143802741232335
0.1402266800093154,0.40291539451598996
0.13358288879195848,0.574840475218995
0.21840632862100998,0.38897246651371253
0.43129405891522765,0.3955787388913749
0.24218575718502203,0.4118551741277835
0.49863141650954884,0.6045093176214457
0.19188875829180083,0.40214630285985714
0.14890564947078624,0.47931538734058704
1.5743592878182728,4.318473810358139
0.48824474060287076,0.5167621328726677
0.18046640635778508,0.4506658212593482
0.10390796675346792,0.3701895436778088
0.30183255455146235,0.3731345811672573
0.11426425756265719,0.5444271304134309
0.2153764199562526,0.4080546406370264
0.3240037687695197,1.1362451768012254
0.1812849046352009,0.3840516733065687
0.2447184252863129,0.32293292028581616
0.3065214318533738,0.5996816472128986
0.1338916669289271,0.6577590102142208
0.05319573753513396,0.37109367553605327
0.5274558595071236,0.47419086055689913
0.5312102610866228,0.6739745288595445
0.3253138481328885,0.4016441337800034
0.1827066127831737,0.39892340391051584
0.3444104188432296,0.36811490405204966
0.15507256034955694,0.6106431323388217
0.47632510401308537,0.4009802829095262
0.2941660229116678,0.5564188223013142
0.2715798119703929,0.3315850981991529
0.12392788446353127,0.4183481705283353
0.34794724235932034,0.4404242654639713
0.3605430560807387,1.7630405643206237
0.43577933808167774,0.6005840174415767
0.1108675313492616,0.9235506988910724
0.26914755782733363,0.3896902022861418
0.14489660668186843,0.35999736223185874
1.0200731513711314,0.4247491950452978
0.5393298789858818,0.3889999728848192
0.4944317440191905,0.5549039051188772
0.413009541730086,0.4395282012913491
0.3894746322184801,0.45838610332612756
0.15892639329346517,0.5549419395272992
0.286571870247523,0.6444887667618097
0.19596699120787284,0.40026284418715896
0.2279459306349357,0.3955983843238736
0.2484557400457561,0.974416914105863
0.21242236198546985,0.3865777418464205
0.5335124768316746,0.3630065746462951
0.42225241536895436,0.38475400183237424
0.389636834928145,0.766814562698045
0.28327694261679426,0.7765961752197449
0.3564820910493533,0.4577890981828081
0.23088625841774046,0.42898760212079745
0.12867711616369584,0.5417191225304308
0.38120438779393834,0.5566154513575751
0.11316931232189138,0.8090796044384505
0.2455183615287145,0.46994610415904625
0.31952906648317975,0.34222667770628246
0.24097377837946019,0.3612700868620721
0.215977321844548,0.467960038150112
0.2209248493115107,0.4212718206037485
0.1824151255811254,0.3094799906965243
0.4883142163356145,0.5590022766670572
0.1666977839001144,0.4889696123050839
0.14363861425469318,0.332487964371554
0.22892506839707494,0.34954199943958497
0.2825700986819963,1.4747678121492067
0.44926982388521236,0.8539830244495055
0.38970935096343357,0.3537915967952905
0.21300958562642336,0.42277845500109895
0.35049549117684364,0.6241096669851107
0.22791026656826338,0.360528658148328
0.39221771837522584,0.9424646912945315
0.5408930513076484,0.484638110815007
0.3137307831396659,0.44648298803098574
0.3854692615568638,0.42427295381592944
0.20987119044487676,0.5943349317733112
0.3725506894600888,0.33842758084960356
0.17986230008925,0.32157992421897236
0.2528767484861116,0.30746937721146245
0.14926633696692684,0.3188362882890328
0.5348684005439281,0.5638081898931312
0.46539950867493945,0.38325075908603634
0.06790173038219412,0.40305951167813364
0.11046650509039561,0.3667554249848673
0.07386773855735858,0.43927751454218766
0.24497448404630026,0.7508575428296198
0.23054262390360236,0.5690212273397981
0.26651450789843995,0.34919080388188023
0.10481838944057624,0.4649500879360074
0.16793061885982752,0.4837477092793408
0.047849828959442675,0.3766656445358246
0.4955160816510518,0.6044863002636942
0.14556406003733477,0.6501001144886073
0.13033324532443658,0.8065424479684976
0.29358285913864773,0.401636664572955
0.2869171015918255,0.4429748165844371
0.5957618770965686,0.44196229776181023
0.24386294527600208,0.906154732987673
0.26455765776336193,0.41372418384095183
1.0165362797270063,0.9561052607993284
0.6181146055459976,0.3516429924554305
0.2459337403997779,0.6763858879671723
0.2101123130414635,0.3639668276032372
0.3693533508727948,0.37099034356819505
0.3277881719792883,0.3368611239354843
0.3217763776580493,0.37462528646682147
0.3840470512708028,0.3710933112564822
0.1606544138242801,0.3301460786854506
0.17023186571896076,0.4931932104188075
0.06072948174551129,0.386852839391149
0.2317843608907424,1.1730926947148737
0.1593087282963097,0.42103709171469283
0.24359741993248463,0.3625537550374827
0.36402249336242676,0.7291584384239549
0.2858042855126162,0.4072550837984066
0.12586737051606178,0.38168748489064286
0.10163942530440788,0.5009414362491189
0.2446722313761711,0.532308080764973
0.16940179381829998,0.4818476481174422
0.31052830613528687,0.610310442936677
0.07280567707493901,0.5112915279295657
0.1135639464482665,0.4287131196883602
0.23641051755597195,0.42686094092467064
0.1843794669645528,0.5604782397683138
0.22835131835502884,0.5315871740552751
0.07567715769012769,0.45217183086652546
0.5043278733889262,0.6239337957172142
0.3647950490315755,1.3094032898867458
0.08714798147169252,0.801807476943903
0.26196832458178204,0.5516681713024247
0.2710844051713745,0.4126642860117048
0.16367530667533478,0.5665385606959177
0.3650354103495677,0.49033240691498553
0.34749228018336,0.38964817640917765
0.023519381880760193,0.7609271590811276
0.438722213730216,0.39877065124478195
0.4452284313738346,0.4456278680731042
0.29903896898031235,0.39619151695228383
0.8597088965276877,0.36252144120751134
0.5721350908279419,0.39815141537848897
0.3028344723473613,0.331934805863169
0.08123619854450226,0.2956149427727087
0.3050028111319989,0.6918592612796932
0.20036354808447263,0.4015358920098603
0.221148444339633,0.4536459979346336
0.3995121642947197,0.4843218435759468
0.3061838975797097,0.537657400487765
0.8572282769406835,1.2588225563701432
0.31695701088756323,0.32187355821952224
0.27776717441156507,0.3330286669487227
0.5786615324517091,0.730819178868208
0.25779808064301807,0.3276260354574927
0.21146282274276018,0.3191617355593008
0.11195737511540453,0.3077553315720133
0.3338623320062955,0.6042834635312073
0.1864335488062352,1.0827085332903414
0.2954518844683965,0.38312712860349896
0.1201530045364052,0.37716592469735555
0.4350827932357788,1.2990961778035135
0.7119364142417908,0.48264800569699534
0.28253292851150036,0.43406362654166986
0.2947054368754228,0.3782583158656467
0.12848878514099246,0.40608037312629497
0.06537695764563978,0.39274492124112326
0.22075165854766965,0.3340598859532643
0.2916490063071251,0.3925229704291119
0.2363995835185051,0.4667516263362802
0.30478555398682755,0.46141542733100144
0.24399369535967708,0.6505592751929304
0.2548867476483186,0.7468175847517972
0.3454938568174839,0.7563267213807267
0.4301387192681432,1.5279622042988554
0.3164555481635034,1.2274158582633006
0.3063225944836934,0.37991409739322923
0.1336558802674214,0.37548138471283543
0.2083282379899174,0.3618133793368141
0.0894139965918536,0.5752695992743888
0.18306504267578325,0.6733434645637302
0.6903559093674024,0.4182187868984044
0.17441134696127847,0.5094561995366923
0.2460261428107818,0.7863992041204283
0.05444513447582722,0.6592788447425362
0.3113312122101585,0.37744174554229576
0.2705541622126475,0.4440874416391181
0.3646172222991784,0.5787861068038158
0.5611700018246969,0.6306857344718709
0.3598850443959236,0.41207732999153096
0.2002646823724111,0.3659937863470667
0.12183177129675944,0.4053430444622147
0.38661073761371273,0.7580772535966265
0.25199681147933006,0.5078472897150854
0.26670839947958785,0.3634463067962411
0.22370987789084515,0.7417191873419005
0.491036769002676,0.36776556905336033
0.38434715537975234,0.39280120809501823
0.2814602024542789,0.3062516403236313
0.40088624134659767,0.33281952225799105
0.26850577802785364,0.4146270474539725
0.16385501685241857,0.4708205310191301
0.3208245063821475,0.7547982138090941
0.3377439556643367,0.4262178591941196
0.36103085180123645,0.40282755352100624
0.5430436426928887,0.32352118893585263
0.47075754931817454,0.3115096607456937
0.182380726095289,0.3385156927330005
0.096589452199017,0.3138647422394734
0.27841338825722534,0.433618834833803
0.19827195691565672,0.509660185256345
0.18194518277111152,0.4032232816835635
0.4535136091678093,0.45201281634311413
0.459275567283233,0.5849869644106821
0.3785651276508967,0.7431472502712907
0.23261264946389323,0.3566631204458222
0.12648223557819924,0.451649082391334
0.556901229855915,0.3235437429972524
0.18462472750494877,0.41824225564353135
0.18143728629608327,0.4055151426273594
0.4210798740386963,0.49498542901976095
0.2554179485887289,0.5649972267816682
0.5978639843427421,0.4998799426844147
0.812490850687027,0.47614529854726606
0.29861026753981906,0.4113027701342468
0.3936821812142928,0.4297682861502082
0.22537463515376052,0.38244481633905325
0.2054981627346327,0.36150386240086596
0.36325206235051155,0.34782109842207715
0.1446411351983746,0.6233186504671213
0.1717917249382784,0.47997040790952844
0.08131809967259566,0.3760119893599943
0.21355686569586396,0.5726042209641924
0.20993900392204523,0.5477545364563122
0.33493262242215377,0.6642661671495662
0.23110099416226149,0.6584804583623907
0.12473908287938684,0.46497420221002245
0.4908515127996604,1.2262951655236947
0.484680878619353,0.30614866473662844
0.10592419980093837,0.37962811899758536
0.18381585956861576,0.37715255076653165
0.1221905689065655,0.4125392296612908
0.11441099147001903,0.39158059059089245
0.22916149622566687,0.4143485678187399
0.19898595790922022,0.36829693563568655
0.3720155723082523,0.5185521084006265
0.1435339543968439,0.8603886715002228
0.16020756339033446,0.6606047060364397
0.5684331490968665,0.2908997205830216
0.44144639124472934,0.31604716482806045
0.38963468993703526,0.4291327853462501
0.14686439372599125,0.33384349096184135
0.42983069146672886,0.7817464529172208
0.5405088352660338,0.5705687328179805
0.30492820031940937,0.43571901013229913
0.2515086581309636,0.3767542510128303
0.9733372194071611,0.5701805968936252
0.3454602810864647,0.5371953192733012
0.3008827517429988,1.2565727771366149
0.20375147159211338,0.384718612299859
0.15177237312309444,0.4560711680190792
0.2640805185462038,0.3843455458223112
0.4225632268935442,0.3638764563283598
0.5634582072962075,0.41657718099236607
0.13990930638586482,0.3543311099102465
0.17273329986104122,0.42029112506151933
0.2136425313850244,0.5349955061473836
0.21252473125544688,0.3274027090123631
0.20291051008583358,0.6079570364147304
0.2848744159564376,0.48584312174716116
0.19153669849038124,0.3971482101756478
0.0813596819837888,0.5590629054953082
0.19038602063665166,0.4607589006249507
0.7956576868891716,0.4777152295360426
0.2257748523261398,0.7003024823407655
0.07565343279081087,0.5493695947397274
0.2690748597184817,0.36855303529857253
0.08725883656491835,0.3927812369270295
0.1640250771306455,0.414498463385192
0.19271158333867788,0.5568397248861313
0.44477914832532406,0.509600386870367
0.22884169376144806,0.36296732004908194
0.32142991324265796,0.632334213273661
0.10741210790971915,0.8804653599042538
0.4801159718384345,0.5726003763463926
0.22116951132193208,0.3826414833965728
0.23680291697382927,0.3329325962316025
0.6029435948779186,0.47824514901076426
0.4447740065709998,1.5233438810379492
0.510881694033742,0.5787521417598891
0.2624070177747247,0.3765591880554443
0.2552286634842555,0.3844593415074006
0.493324663490057,0.3581970362235448
0.11642368944982688,0.7627671316428307
0.3379779669145743,0.3863882891810547
0.18112773774191737,0.3224195924614935
0.5674211730559667,0.38430589715156843
0.2281115564207236,0.4759538210982336
0.36544296828409034,0.4896296573654635
0.22541451950867972,0.45018142816392337
0.3014525882899761,0.30039986281824843
0.3380268266967808,1.3448818926995487
0.31351134181022644,0.3181682884776505
0.19906538916984573,0.4163900383162684
0.14840380101910947,0.5264293828935858
0.300049914047122,0.5542051112164318
0.27624640706926584,0.35408650326992247
0.1717197645145158,0.32383242334005713
0.08691588082971673,0.37563015280396195
0.4347174513580588,0.3414946308994119
0.1510850871175838,0.4906986442761686
0.2859110141095395,0.3778827802898664
0.5339412496735653,0.3538378570969785
0.19887827701556185,0.3736572782813641
0.13595639045039812,0.3549930144704058
0.23026138171553612,0.31493129480175996
0.25215508602559566,0.37882315539096995
0.1785009317100048,0.3334796326486851
0.2126952348044142,0.5278693979217343
0.16819191118702292,0.44668213324174183
0.35984137778480846,0.4225366648154995
0.5448978046576182,0.4884938889840076
0.3946426336963971,1.0112094849179434
0.23673165092865625,0.47063478128908715
0.34542374522425234,0.7384949659568415
0.1971476866553227,0.49361512642794525
0.23106974739736566,0.7464348339540846
0.3918386505295833,0.37962016229155576
0.24040466795365015,0.2975303425796302
0.2058344537896725,0.49941278208112305
0.210923639126122,1.542336960572274
0.3878786352773507,0.5547194883857692
0.33443627615148824,0.4430368262175752
0.30021874854962033,0.3522886466051676
0.3007100624963641,0.4241260987425744
0.2504579226175944,0.4529060811933268
0.16089569142786786,0.7240393127216975
0.1278622249762217,0.47577372179675853
0.12393060373142362,0.9131375081631254
0.2791234413161874,0.8932111169269374
0.1336774442655345,0.4483012180578664
0.29200118283430737,0.48543538461712066
0.19601943219701448,0.372597251351238
0.19143309320012727,0.5358824478087462
0.4064360707998276,0.6485700586773021
0.3419756268461545,0.43959143968078335
0.188999238734444,0.5309587553002494
0.27206254766012233,0.37260890637737776
0.17305300097602108,0.5917167360013981
0.1552315984542171,0.3134249846364112
0.3259332563805704,0.35333556714831804
0.2734934048106273,0.374439045102179
0.15037504160621515,0.38314674115169345
0.3800418848792712,0.3513181934600909
0.20215787490208945,0.4960680823875728
0.3510697328795989,0.42523885876341466
0.14060915187777331,1.14289206849549
0.1261805179528892,0.2997769652995976
0.3234478473120059,0.5127787276898983
0.27798471227288246,0.4739284789048289
0.18208258599042892,0.5033398640087109
0.3097395102183024,0.6286809679774876
0.18978956062346697,0.393191978533079
0.7624376763900121,0.3611235672527214
0.3139082870135705,0.33738900256677423
0.10509033532192309,0.3403227535250983
0.12845278702055415,0.4466545313020398
0.13500678391816714,0.41502365582132017
0.44026796768109006,0.5174883958304581
0.07064147324611743,0.4951205865072951
0.19266265879074732,0.34994723989964566
0.3968736622482538,0.29713399508496585
0.07719696484855376,0.3250623957652583
0.1492336556536126,0.442974573487048
0.1430805162526667,0.45185558287112554
0.09921112420852296,0.3379701775536535
0.1574411140754819,0.42375419106433776
0.22599667828762904,0.4153712583170496
0.21339049811164537,0.3900473197740142
0.2442580508068204,0.6594945255860837
0.05089580981681744,0.382210908581398
0.2780898062477111,0.36205900651041867
0.4288779667889078,0.5981701203329368
0.31233991247912246,0.6739334066785535
0.27081096669038135,0.3312629883853713
0.1270349584519863,0.3297124517222324
0.08546625888751198,0.33939251179632185
0.7354721914355954,0.4158516823383117
0.15767964503417412,0.4060186626174757
0.2390169402739654,0.3047101502488808
0.36504349888612825,0.29263339594048615
0.2422461894651254,0.33137977294571874
0.11995502716551225,0.37063224017471175
0.10877593517458688,0.3799744912290689
0.27586503567484516,0.29864052248354084
0.13955368555616587,0.2935025700715636
0.16885653689193228,0.33193871009771025
0.41963311036427814,0.3745167644246352
0.029843528929632157,0.5359926134450138
0.5049413070082664,2.133450481081215
0.09301601184415631,1.0454956726979316
0.36805928909840685,0.3983349549543848
0.5100887805844346,0.3552957537988985
0.2682675449177623,0.2909315971770057
0.24523443123325706,0.29433066962371945
0.31127470240850624,0.27904427296675094
0.1297400309704244,0.3584531311661009
0.44162601449837285,0.4367159931922944
0.18776525013769665,0.4306440683892102
0.3400641353800893,0.8127062611955133
0.48942510535319644,1.1955799356521974
0.3789088539779186,0.3360788374640998
0.21181138375929245,0.4388199164742918
0.15850043234725794,0.37864293449233133
0.28733612012001686,0.5065909945612121
0.2223407564063867,0.36728486984735675
0.2056253063104426,0.35909841737635045
0.269964848489811,0.32503849427827053
0.2626625470196207,1.4661326196622129
0.2636470962315798,0.5463641910832593
2.5445208130792403,2.606147801393671
0.24925064761191607,0.6063278205475587
0.5312277177969614,0.37260593050356733
0.3850104349354903,0.30448438621311996
0.2542937733232975,0.2972772044434042
0.20729625294916332,0.3061288237237641
0.15905567832912007,0.3251494388242951
0.2522545816997687,1.1307675289667234
0.35026720476647216,0.2877827992833498
0.2464070599526167,0.711931994503277
0.13468331207210818,0.44098772054539087
0.22138747138281664,0.30690479031281703
0.230395693652099,0.3239272897195937
0.15833158100334307,0.36641307307807447
0.1984239762338499,0.298569266264843
0.18526071465263763,0.28469914646248495
0.11383957059782308,0.29110986432038244
0.37333610529700917,0.4870364207188771
0.5392703004181385,0.3451940037306291
0.277967925183475,0.4816319472258668
0.11777146874616544,0.4380877275714224
0.15659428151169172,0.2859099519075583
0.18055267406937978,0.2906484240129467
0.38404954100648564,0.5446948211827798
0.4516938483187308,0.4337129996551663
0.29104589810594916,0.6366968850294749
0.23871774304037294,0.7028106389201881
0.1320471471796433,0.3526339932544349
0.19303718550751606,0.2952934679864626
0.15513577462600855,0.38425368133768506
0.2869571844736735,0.5275146118770845
0.2082096872230371,0.3388706948300354
0.16440991155589776,0.42130877434586483
0.4606683364836499,0.5794579629140838
0.3453638205925624,0.44072848443192303
0.18447367381304502,0.31695555693075744
0.3194441869854927,0.30963968212853177
0.4471788952747981,0.28908729171175995
0.20805519198377928,0.589685253076516
0.5019023716449738,0.2754726982783285
0.38161843848259497,0.28800906664442744
0.14178954771098992,0.49284082605801804
0.4431345791866382,0.6989268354805818
0.1435982845723629,0.30081082316235985
0.3799142378071944,0.31532708878718096
0.25602672901004553,0.4811302915218926
0.35378593672066927,0.3793379597748158
0.12851283873897046,0.43446170362156517
0.30154379829764366,0.4907381108149308
0.33828968927264214,0.7121300907871715
0.4308090228587389,0.34203701377565243
0.24671316922952732,0.3351972462419058
0.5562958504694203,0.8083718695584556
0.1771017878005902,0.4469584581481781
0.27084126432115835,0.31449590109003484
0.3199578933417797,0.3374390686863448
0.27072306202414137,0.8118146651428301
0.3773926469342162,0.3067778859889778
0.21514157787896693,0.7136985594620486
0.14189315941378786,0.3710650159414942
0.17511275007079044,0.3849938434664213
0.07263961405260488,0.32803943558498344
0.2772051977105245,0.4895127062171111
0.11183908090849097,0.2834030890196588
0.34746603357295197,0.3855969853326147
0.28149056201800704,0.3384798870516004
0.24416693625971675,0.4621250343481711
0.11852769798133522,0.7616581143528391
0.12348591218081613,0.3270780154384432
0.3392122338603561,0.4068423352620739
0.5973325160642465,0.6891248497566775
0.1479963349799315,0.7674287828292105
0.18310034094611183,0.33870491265435543
0.5525982811426123,0.3287934570264107
0.281194454136615,0.34602247831885624
0.340753519286712,0.6059037491520937
0.1879226164504265,0.37430517862912455
0.1985932777946194,0.32853632409825656
0.0666988156978429,0.4038502082478738
0.23871116037480533,0.3547325717952867
0.07048839789058547,0.34869368362602354
0.34324720796818536,2.522986451273756
0.20048287386695543,1.5503544649855698
0.6746900811170539,0.99416914613084
0.19588018429931253,0.6838778196425217
0.4605305691560109,0.4635571543552398
0.3776636024316152,0.527275468622745
0.22800498952468237,0.49620099839407994
0.1490534710076948,0.9081857806995935
0.853879397114118,0.591185667783128
0.2164184837214028,0.6977720966263447
0.16252900675560036,1.427993628794943
0.27549446032692987,1.2944500108850885
0.22770058580984673,0.3211142502796028
0.2335549450169007,0.3838113043320334
0.12109286974494655,0.444270291828949
0.213228860249122,3.852215876827075
0.08594951910587649,0.9031216190541508
0.47124048400049406,0.6126281370972185
0.13714124712472162,0.42144038926323607
0.23135509815377495,0.5167752361461473
0.17376648588106036,0.6659022009515029
0.5581072072188059,0.32541712749194013
0.176530910966297,0.35567089492890763
0.17299913677076498,0.4470126772326876
0.4464021223053957,0.6025968719808893
0.08393247217948858,0.4182912368148604
0.0351852379196013,0.4019614557920575
0.16463177979070073,0.29494622144918375
0.4370235887666543,0.5265741172682274
0.2247485319773356,0.3783304221784078
0.34882572169105214,0.33995430057789155
0.21236210339702666,0.6204675707536079
0.18158259235012034,0.4139998910553557
0.3679063682987665,0.3564460435142838
0.5605801073058198,0.7584361267277386
0.4068331845094993,0.3150858704245998
0.1738690547645092,0.4657742163444347
0.2432968352610866,0.3030214268282702
0.2899552049736182,0.2815776515686763
0.3412455382446448,0.39088250777878336
0.34827807017912465,0.7241297344746935
0.45569588740666706,0.6080456681380915
0.14235754873758802,0.3803648961579318
0.111402190309794,0.44037452099502433
0.23089771011533836,0.34601041069437927
0.09937793798356627,0.5833845654852555
0.13865032652392983,0.41961621406989313
0.2208667118102312,1.307694064935244
0.19782067773242792,0.6921622638765657
0.24691463261842728,0.7379520370564915
0.19021467041845122,0.3908734739885349
0.39170852800210315,0.40468561167676076
0.3787565715610981,0.49719298339491347
0.14975295712550482,0.42609681423465817
0.26212941606839496,0.5140568397069823
0.3962722072998683,1.016929575055592
0.30212928106387454,0.6999939759271288
0.390454925596714,0.32548417381759864
0.1506661562161753,0.3300908624516102
0.2275180833724638,0.3850201281850416
0.23702077443401018,0.32192955526030803
0.10569779435172677,0.31888089334746206
0.38286915483574074,0.6552803652943591
0.6120613527794679,0.3560566189341964
0.38867255676692974,0.4083227635303486
0.1743730759869019,0.48713890497032325
0.22941985726356506,0.3199942249976244
0.11717194798014437,0.3417231638504471
0.3749358256657918,0.4914373573655485
0.2295593130402267,0.45645279961699475
0.2865279031296571,0.4191869129901661
0.3107178894182046,0.44680431485549366
0.5336416599651178,0.5658511499708534
0.24828421355535588,0.4805180243745554
0.2832360987861951,0.409062580981203
0.4701676567395528,0.326078687356951
0.44519855578740436,0.31778288162243135
0.1689676158130169,0.2739539619515087
0.1475277643185109,0.2619887090521093
0.24279707049330077,0.5976969533089219
0.15657994896173477,0.3545493874461735
0.22527415802081427,0.3351258400518483
0.19161063401649395,0.5874774910979719
0.4337515716130535,0.6088884052585377
0.1477336383347089,0.5031069973094733
0.3037364965615173,0.6087308812979337
0.47245704258481663,0.7214932894915156
0.43300629779696465,0.3939513040068387
0.3877770056327184,0.3936033828093144
0.2485231451379756,0.5400549606753057
0.22255913742507497,0.3239923128554794
0.21697980565174171,0.32190819416356126
0.3652729814251264,0.3089624919340306
0.3366690402229627,0.6388729359923137
0.26936040880779427,0.4808340330045036
0.33076558929557603,0.9880690156559241
0.17876737720022598,0.8095595906254051
0.4678417754669984,0.3860244760395185
0.25581910856999457,0.4179887773166834
0.1805004065584702,0.354487388037782
0.24793672484035292,0.5141558383411381
0.1547895185649395,0.8348800436593712
0.1077255733932058,0.5247955395642011
0.11363399599213153,0.6273778066213069
0.4756427871955869,0.30622408558898484
0.16227651263276735,0.5422666071759554
0.26993385477301973,0.2992369723557373
0.11851403501350433,0.2758915748888568
0.160712331533432,0.3016382979168569
0.0532449115999043,0.2918034227712965
0.1420562256971607,0.34677691999592103
0.06803164242107111,0.3163975502005989
0.45743732030193013,0.750922714552966
0.15424303291365504,0.3350578259228121
0.17433314273754755,0.3727068887639916
0.16161199276515012,0.3937549988870699
0.26801576527456444,0.32127116188813837
0.19186293302724758,1.1630624351775107
0.23907749758412442,0.497915119254503
0.18806868512183428,0.37511366977704824
0.30052645100901526,0.4417103077299364
0.13322436743571112,0.35248121425310797
0.24446097831241786,0.6790437017604505
0.8033396477500597,0.3923652670218447
0.5103928938818475,0.36436341657106536
0.2518796982864539,0.31759923110696564
0.30105590575840324,0.3253757000970031
0.13914304645732045,0.3480238820121873
0.3855520561337471,0.35807890752624255
0.40767719969153404,0.5342070737213322
0.16739700610438982,0.367794248757249
0.30378219502745196,0.31626279654142775
0.2479392810879896,0.35589584280239783
0.2597394734621048,0.7079994416455847
0.07356676696023594,0.8235575848719883
0.0944299382972531,0.43336969220032334
0.10451832563073064,0.7124790484062923
0.1666668829663346,0.3062780724770667
0.18272979014242688,0.3422108126158439
0.3174544209614396,0.42697231707515115
0.2958015142163883,0.6394751049082027
0.20315328477105746,0.34978292733849253
0.10194177192170173,0.5735079921089833
0.11452251524315216,0.6781379960852468
0.49844998323048156,0.48073005861384266
0.2527774371361981,0.41328916072295163
0.24692821005980173,0.34085717142267513
0.07345966917152207,0.4206929558723835
0.06251285954688986,0.3603341795036356
0.044892603221038975,0.3499334817885385
0.19224980265911049,0.32725989132624855
0.13578120692788312,0.34013792529315096
0.2818290547778209,0.5065667060067633
0.20075067753593126,0.6248846631093723
0.19001586572267115,0.5573769659027509
0.15127891829858223,0.5241223712421734
0.2222130705292026,0.5396079153015881
0.28812545103331405,0.7095401797449956
0.2542045987211168,0.5953767298604521
0.38490514426181716,0.5380251144494322
0.3004979258403182,0.5960814631303917
0.4881250100831191,1.0028696519735336
0.21687350794672966,0.37456810648180355
0.39825866076474387,0.31963992481144204
0.11427510529756546,0.30419263296820664
0.3124123991583474,0.6329217058360241
0.3619924318045378,0.6700145588429485
0.2840546627218525,0.6870127040121129
0.21204749618967375,0.3440000584568772
0.28378579020500183,0.44627731288840744
0.02206563747798403,0.6840398756835727
0.01312215862950931,0.37032513763878205
0.10186314458648364,0.2962585669147813
0.33399282946872216,0.41998194375258086
0.158311249067386,0.45599608156007343
0.31161030071477097,0.29602326050181
0.19085389631800354,0.3463041487703067
0.4387000981563081,0.3961443118521093
0.3049750638504823,1.058761262456249
0.25610306734840077,0.5168107330993688
0.27276671802004177,0.31662288712834574
0.6479448899626732,0.4026060291509743
0.09376934170722961,0.5028473646642501
0.07882104472567637,0.8784401164991805
0.37135293955604237,0.4737836323107276
0.20512652241935334,0.3281398045716089
0.1196817941381596,0.3058614845979136
0.22953735365687558,0.42873671370339983
0.21985858927170435,0.37225112912583
0.28532220700678107,0.3212123749762025
0.11768654155700158,0.31483162327817116
0.14144835674475567,0.32548721277459036
0.1031284724206974,0.5780833779873495
0.21447017431880036,0.8194437540597468
0.2571195351580779,0.4792739185587655
0.07706626101086538,0.3722204647775871
0.30750381079269573,0.4227877831228562
0.4670166155944268,0.5411524078328203
0.10934576493067046,0.35627922589669647
0.4468405122558276,0.3876291027864146
0.47897876302401227,0.3475224044322789
0.22490756524105868,0.31263809814165755
0.1297812204187115,0.3732931423718008
0.19355132151395082,0.3633209405720345
0.1971861980855465,0.3614408824245419
0.23782944745228937,0.3059653549489679
0.13136470372167727,0.3484323528064573
0.10628075191440682,0.3815674048327695
0.16904312302358449,0.40920504729808993
0.28511624224483967,0.3838978722986646
0.234959626221098,0.8123476890706478
0.6689987008770307,0.7376990348499253
0.1591045946503679,0.9631627686159648
0.5849759963651499,0.5053857766191312
0.1138085878143708,0.8752651289508637
0.2228130300839742,0.310496600183169
0.1910982426876823,0.2908371160715813
0.4413214851325999,0.27683586148680567
0.2527053610732158,0.704392070440295
0.21550244092941284,0.302687622511578
0.09916537317136924,0.28063566591189815
0.06891523705174525,0.31678263713573446
0.1749487075333794,0.5301992542838418
0.31803184235468507,0.5136348803295142
0.191372521687299,0.4843290930192728
0.17524324896900603,0.4847138725718677
0.13641062999765077,1.5994076196291516
0.28301658023459214,0.3831543121274911
0.2414776732524236,0.39152272375024577
0.19999813844333403,0.5068043278561201
0.5844952566549182,0.424535666864534
0.32916126648585003,0.36727774229244964
0.35771338470901054,0.360254557791466
0.18315433959166208,0.3685055709298587
0.2915555192157626,0.3678943273856973
0.11500857013743371,0.3240056874995667
0.20599260491629443,0.5804346740759707
0.4035651447872321,0.3156335793410981
0.22206099859128395,0.3401748000494077
0.17665050675471625,0.3373144260128864
0.21104129403829575,0.5848603518567954
0.16355047343919674,0.6031002437761075
0.05662080296315253,0.5640459716920648
0.24541586264967918,0.8012402274659578
0.21907964488491416,1.2003541824614354
0.32143831086189795,0.7517807703520796
0.1648209784179926,0.2934911802753379
0.34557182683298987,0.4746615480227889
0.3986072842211191,0.6641146213874037
0.09829787133882444,0.7195836799966608
0.330363392829895,0.4666864354652135
0.24177421008547148,0.41628777151548885
0.2521775326070686,0.4729942399153964
0.09273801264013552,0.6282289541938313
0.11218036338686943,0.4915317822667254
0.1933275226620026,0.48622716433716984
0.25545205470795435,0.44073914773014866
0.21135094203054905,0.33146662224770096
0.12982893750692406,0.30013126719747646
0.2063925284310244,0.4227908996150023
0.43615249668558437,1.0990489264247512
0.23918024203157984,0.33233169681940833
0.1627819403753771,0.3883106599033929
0.18932101497193798,0.41892009761608995
0.10617161029949784,0.34357526888219714
0.19042089503879348,0.3690852497010107
0.48583086649887264,1.1557710568215545
0.355718723187844,0.7564315524260491
0.31913134766121704,0.8301077593026908
0.390334352850914,0.6178702386535672
0.4087086740570764,0.5687807394777596
0.18594413933654627,0.439274413610393
0.16962691706915697,0.5057768055434261
0.174609728778402,0.45248035500829736
0.13355101769169173,0.3794165664122301
0.16777563747018576,0.3696090332351586
0.1794407071332292,0.34980697702849284
0.2894634391608027,0.5570767096784196
0.2720094999919335,0.3441704762013647
0.33481504302471876,0.38268383676604595
0.07916923607505548,0.3383592919484694
0.2188742570579052,0.34514813297025765
0.3146384135664751,1.5994989625108014
0.23561677825637162,0.8991879585000402
0.13416014689331254,0.6838329374793864
0.21808549699683985,0.44770489142562037
0.07605356575853268,0.4558204485388378
0.218671723579367,1.1352243236191342
0.3987586635727591,0.6315892418161091
0.09800792710545163,0.7722166555134986
0.19955704174935818,0.4124306682845391
0.7659300019343694,0.5696571284454904
0.29210153470436734,0.45222181800368977
0.21305616003034325,0.35235311769432737
0.3300803489983082,0.3268311107224582
0.17707573172325888,0.31209382155552184
0.14308865647763014,0.3452043336263918
0.1983122899158237,0.3131805840544905
0.181544139496206,0.442918430313055
0.1278147550377374,0.3482785067614535
0.364750428746144,0.448928782652397
0.2422513167063395,0.7158761500498088
0.2527692620642483,5.811106741840061
0.5866430522873998,0.47964592941251644
0.40960586816072464,0.5952583416395278
0.23725521502395472,0.475582784870992
0.22572936001233757,0.2937964481653407
0.3277619034051895,0.31790094690851545
0.08431734160209696,0.3626079461282693
0.20807844121009111,0.3294225745110687
0.09196316202481587,0.45306978408469484
0.07476633399104078,0.3519126810612533
0.21824598809083304,0.3881522708595443
0.5729502380515138,0.5775948786719693
0.16300719435093924,0.338364288836182
0.057334789637631424,0.37331954760228414
0.2695567883201875,0.7129890186781133
0.3358683621821304,0.4908698214508979
0.22711984006067118,0.4335495905753606
0.2667591776698828,0.37110238597394235
0.1583639569580555,0.33857881713997756
0.17049475821355978,0.45310493617850983
0.12534604656199613,0.3796623891587746
0.10277982395685588,0.3778866424913702
0.149954742907236,1.395203592120293
0.0922834463029479,0.48773568008521084
0.3750072152664264,0.40988271205968047
0.257385043737789,0.36995773507979673
0.3302571966002385,0.37020506014931176
0.20030589285306633,0.33101570651520285
0.2290968003993233,0.4076229768711946
0.1950575020358277,0.4543491513679118
0.31679015265156824,0.3286067112150157
0.4342141567418973,0.3932831674445017
0.15587025477240482,0.4739919596694062
0.27220516356950003,0.5119392925663244
0.1779853041128566,0.41531755830849865
7.340544831007719,0.38266269949843545
0.2812333945184946,0.38477363894228533
0.18622789966563383,0.3024355491042164
0.21884467576940855,0.31245766574132355
0.43947070084201795,0.3047903035947828
0.40453433742125827,0.2990696792617256
0.22976048042376837,0.2989062669350662
0.1138036729923139,0.2950681375674341
0.189805015300711,0.40988576457058357
0.17612128906572858,0.35619996717363844
0.5705410574252406,1.5022004233272068
0.4063159137343367,0.39161834714045385
0.3000694587826729,0.32073041335813735
0.34942775530119735,0.40761573973821996
0.18365100780890012,0.2995900872475033
0.22042585474749407,0.30037560480985653
0.10476088946840416,0.2997962078652875
0.1055163472192362,0.29735942526186454
0.3111948153624932,0.2953487142459943
0.18006279551385282,0.3001396225995743
0.23330578161403537,0.545564057219541
0.26359130007525283,0.600993099933508
0.20107352857788405,0.462442664964992
0.2284000733246406,0.3779794198608951
0.1949141143510739,0.3966947758017141
0.149823066778481,0.3308200067669447
0.21422132477164268,0.8951610806797323
0.30661976244300604,0.5758392886987336
0.1734770511587461,0.638656110578154
0.3796844695849965,0.6214647279604448
0.40797624938810867,0.4516062293202803
0.10400088783353567,0.3007407187680546
0.49896610404054326,0.3675429068650445
0.279278707690537,0.3525213427590628
0.19072182476520538,0.46557334584900767
0.17880459719647965,0.4762206231030221
0.08565667596121784,0.704235266497369
0.16559957837065062,0.467301021634511
0.25639128995438415,0.4105485156791691
0.2788186843196551,0.5710572741123425
0.37833231064723805,0.38309437582987604
0.3250412644896035,0.40948835742788897
0.10901330972167973,0.4360323094322352
0.46908334151279024,0.5583919600758636
0.3153710054854552,0.44986611740556337
0.38035660112897557,0.32150249757661215
0.09025942472120126,0.35273484310618475
0.14702772793437666,0.3548330653121325
0.2173648541017125,1.063626593006302
0.19192993126731986,0.5919149699053198
0.3100381266946594,0.44220862617212847
0.2962083965539932,0.34685827832106825
0.07640474506964286,0.39367632197018293
0.2631120541288207,0.42417553937388913
0.13594731936852136,0.43034794664389514
0.20103532541543245,0.37838891791678014
0.13598853908479214,0.35426143005960437
0.20392565356451087,0.39287182754889355
0.31165000749751925,0.36732555615916257
0.17131930239702342,0.32180060408974326
0.3004915950198968,0.30128533300331733
0.2351379602526625,0.4084975002739139
0.02469983200232188,0.3832078048351268
0.2151215005821238,0.36495640788250316
0.19778604774425426,0.3561336973404821
0.2581605563561122,0.3045921761297272
0.09647758180896442,0.40946265185162084
0.19974052719771862,0.9880852440208585
0.47136063024906133,0.6052994415005819
0.33916819918279845,0.3519995254394183
0.41130061944325763,0.5505684554625261
0.37000771425664425,0.3704072209292274
0.2570946393534541,0.3357518680025766
0.30828685654948157,0.3898680523135003
0.2003450565195332,0.30948898986119916
0.27039269272548455,0.33910523807509857
0.719693529419601,0.3028277588257022
0.4753056342403094,0.3299145254926738
0.3211338357068598,0.5670854222037113
0.2734664094944795,0.3385169317839483
0.3364342302083969,0.44147058019444246
0.24457990813243669,0.642636307276305
0.32108374685049057,0.336821256443061
0.14032807076970735,0.3383615978412836
0.148854018189013,0.3785186078417305
0.9858547312517961,0.5279243849064588
0.10185242258012295,0.5508686379518037
0.22888734440008798,0.5592061932378776
0.49005340396737057,0.710496584408302
0.27259201866885024,0.3125660515287176
0.3533131630974822,0.29684011136221256
0.0895597228469948,0.2979399920113842
0.27552230345706147,0.29378090695606096
0.18372697457865192,0.3015921781513382
0.28798316419124603,0.2725611626280284
0.18162284799230596,0.3403177810469559
0.19293262631011507,0.6922090179967408
0.12495036632753909,0.29813440059952373
0.13483287394046783,0.326637034992552
0.24705839502469948,0.3577455023874686
0.36762739877061296,0.5675018852507467
0.28110867738723755,0.776260355119536
0.18355973014452806,0.33981887274274036
0.5670126794526974,0.4026333950000045
0.04601804415384928,0.6287740923158329
0.1376636937541965,0.5646855188346824
0.07264740272269894,0.6843653728609613
0.08522962359711528,0.39957990571407764
0.2709643542766571,0.3177999600562726
0.7912179051587979,0.43421569040309593
0.2586090552310149,0.3573832895115864
0.1456364548454682,0.3603547103607207
0.2878535520285368,0.33430148308728763
0.16809564642608166,0.4511880154531965
0.17366887256503105,0.38151932690760176
0.17705984584366283,0.40785225076810583
0.5271963346749544,0.42235106865756694
0.16018592144246213,0.3378693740186138
0.2715396956191398,0.32068678738323547
0.14473553809026876,0.34244010095967303
0.11638783750822768,0.3412580144981996
0.20183032812201418,0.33920557440537485
0.30909207704341196,0.4944675376049348
0.5679771659585336,1.5531057433100015
1.215303335338831,0.5505723153989015
0.24652453480909267,0.4914435971710011
0.2046074028670167,0.5227989122813272
0.10602207925209466,0.3370520972900443
0.22738942131400108,0.512628450307596
0.2125273474957794,0.3301845744699901
0.3274012456337611,0.33847575970217436
0.13930212632597735,0.4224783900430169
0.21278317148486772,0.5393618736071167
0.15619720440978804,0.40621167922024637
0.20946744456887245,0.36650155108450466
0.38495828746818006,0.32309660940467466
0.3839365004872282,0.4832156391073221
0.15494893382613859,0.42492203541970025
0.3193075116723776,0.4529889524070034
0.2133796982622395,0.3810330481438218
0.7158844756583372,0.6168841526649422
0.2511349307994048,0.5328956953516877
0.35310185700654984,0.30391800501470073
0.08078596787527204,0.2998250093983693
0.12388255633413792,0.3849509544574567
0.14468516387326721,0.2981464312391404
0.12499339135441308,0.30915158449586566
0.2034358618160089,0.39846584113539596
0.14020750485360622,0.5464515284046183
0.021390481929605205,0.4531906111761851
0.2912353587647279,0.6608787776997694
